A	R	N	D	C	Q	E	G	H	I	L	K	M	F	P	S	T	W	Y	V	*
A	-1.11715049711695	0.0501473281345473	0.0463539865523872	0.0671876760142218	0.0933756662372502	0.0826072452221334	0.143908392285447	0.128804308705435	0.0288165904987012	0.0175774878055523	0.0361773438990194	0.0823951349762614	0.0812342112906169	0.0191375380272424	0.130789030531032	0.306463007588407	0.192845517780297	0.0102857444666588	0.0218869690324463	0.182380941006065	0.08662791
R	0.0254545943995684	-0.974317892308802	0.0293207473455713	0.00679797050208248	0.0243756238844496	0.140086078804541	0.0202667713528354	0.0269818569055739	0.0986278914673938	0.00862894284741909	0.022967148785023	0.246964074696856	0.0315274207068619	0.00474003686866596	0.0313579153121474	0.0564954624769197	0.0255857502966501	0.0537140473374762	0.0176074655798406	0.0116226455766904	0.043972
N	0.0209164635501524	0.026065005487355	-1.45243771445958	0.222741412023188	0.0108821001619475	0.0633276758904858	0.0388587033951442	0.046175985499286	0.162306400383787	0.0227374769822297	0.00539592274437031	0.123567408159782	0.00813199709705541	0.00394504097150155	0.00800317903585871	0.163042387489441	0.0832830078341816	0.00295037565394926	0.044553040469865	0.00805097235945978	0.0390894
D	0.044243574701089	0.00881904359174186	0.32505764540825	-0.989664432223693	0.0018137461205271	0.0369266016427524	0.369644991990899	0.0518222382373156	0.0557192755501199	0.00236108058372081	0.00507723044274476	0.0287287659548571	0.00621171901869723	0.00279773424032869	0.0253837870345899	0.0641659296790479	0.0224431078761403	0.00776910889512567	0.0195002138423765	0.00912024801275531	0.05704511
C	0.0208117535627436	0.010703167261807	0.00537509977740496	0.000613890434182934	-0.487356793530695	0.00200242813593597	0.000432673114948978	0.00621438667834809	0.00504512376743506	0.00344758499962745	0.00778712255167838	0.00150020962812903	0.00791265690085063	0.00806540556828273	0.0022169429572098	0.0285245686510623	0.0103950153949066	0.0145305773186794	0.0110201339788707	0.0203071844832509	0.0193078
Q	0.0350234371721889	0.117008448806992	0.0595021978560262	0.0237749379458423	0.00380910163519229	-1.37978508735828	0.210829914259241	0.0127224093100279	0.165523687531635	0.00439112287053862	0.033515915206232	0.150135467298799	0.0595646443913967	0.00385161569207204	0.0359783920113663	0.0396595232808927	0.0330702769415086	0.00831594563900099	0.00877746422994626	0.0116133827636765	0.0367281
E	0.0964488744504059	0.0267594517938642	0.0577162592799105	0.376214285886211	0.00130105602089531	0.333274931202847	-1.23689349913127	0.0345930856092953	0.0347337206298388	0.00776264619341523	0.0093998122150214	0.157478828859385	0.0192016648525564	0.0049437870720508	0.0415784008257511	0.042954526960884	0.0501340987725178	0.00953959414044553	0.0119614639475846	0.0358735459600801	0.05805891
G	0.123784490742291	0.0510845186255484	0.0983446774466333	0.0756295347928636	0.0267953334410117	0.0288379627275936	0.0496037040733074	-0.497615267480745	0.0217919489065473	0.00266054684402762	0.00535634948270935	0.0326392560825503	0.0152118132417412	0.0043626709992324	0.0212816845939001	0.117240178345103	0.0197319321059976	0.0294435521451934	0.00905229572016897	0.0163605189330495	0.08325181
H	0.00812702011916159	0.054798681088132	0.101443264918275	0.0238634710553024	0.00638389287230263	0.110105310843513	0.0146160162302945	0.00639512382272832	-0.992342217437079	0.00354333115411108	0.0128067090723296	0.0228315746722262	0.01036258309904	0.0174197576349804	0.017851219247847	0.0189786798251237	0.0121360687565729	0.0067325337026362	0.0993189072415083	0.00303481851826312	0.0244313
I	0.00983413550626468	0.00951083251794348	0.0281916460721125	0.00200599370516794	0.00865404937859021	0.00579447707267708	0.00648004604995276	0.00154886798668573	0.00702914206415605	-1.23316226755839	0.161293860193392	0.0164719671307119	0.216559020936944	0.0538907672083116	0.0050829563050411	0.0162485646070053	0.0741704447498339	0.0108081133349611	0.0213722745291453	0.397836519876919	0.048466
L	0.0360024038668831	0.0450280896770566	0.0119003401901448	0.00767292678858231	0.0347693753475039	0.0786692986888298	0.0139573509569362	0.00554661317415664	0.045190133577974	0.286901828886749	-0.726010961380321	0.0233029635838936	0.439180192709987	0.191375555600477	0.0376245782949429	0.0311911660700703	0.0295519825267906	0.0601955770351334	0.0360660079741217	0.162890483813064	0.08620901
K	0.0589977952064165	0.348377109828576	0.196081663301405	0.0312385309265957	0.00481960281595505	0.253557748651441	0.168246233257855	0.02431860239635	0.0579670685157726	0.0210814429373341	0.0167668140486654	-1.12458024298404	0.0608213092198488	0.00578321772294956	0.0362538959300422	0.0629601022967872	0.0902923108740508	0.00895156596914782	0.00867547742963771	0.0198837334703186	0.06202861
M	0.0182884067333209	0.0139832126766969	0.00405726104224528	0.00212367562793604	0.00799252992832727	0.0316289541297288	0.00645007444195251	0.00356354292550624	0.00827210788642634	0.087143267429962	0.0993538789549384	0.0191231070198404	-1.32209836395653	0.0243702559929661	0.00350682561852543	0.0101094306142971	0.0310325053374317	0.0105556612308866	0.00876940711970979	0.0421331170099361	0.0195027
F	0.00849024232154713	0.00414283232358963	0.00387868373811444	0.00188486389298665	0.0160540752793207	0.00403029040751206	0.00327252290874583	0.00201395859469834	0.0274023233905606	0.0427335573546442	0.0853150525134433	0.00358318597187048	0.0480238757349533	-0.713669375385608	0.00651181927034717	0.0220200409413694	0.00693368007314675	0.0616977909745517	0.260332376069217	0.0262132918282935	0.0384319
P	0.0690921838365333	0.0326352090926347	0.00936955498257598	0.0203635478137037	0.00525457030559528	0.0448289661445966	0.032772859752774	0.0116984352010655	0.0334377266687056	0.00479948548552132	0.0199725914839911	0.0267471843208499	0.00822876891215787	0.00775400218180274	-0.605589494787878	0.0774842999771555	0.0382015350238257	0.00669548994651858	0.0103764837889539	0.0151237224903205	0.0457631
S	0.245933069144346	0.089316985260595	0.289960091985963	0.0781956816780526	0.102702970671855	0.0750664251644927	0.051432396450758	0.0978992799861474	0.0540027815139499	0.0233063642961866	0.0251521816067045	0.0705618701605412	0.0360353431881713	0.0398311617265457	0.11770501981345	-1.39223868928029	0.319420636804766	0.0382122532273851	0.057419062504478	0.0169806520480346	0.06951791
T	0.135822596333319	0.0355011362453818	0.129992325410844	0.0240040693802283	0.0328482825019398	0.0549363353032679	0.0526847167733426	0.0144609299437989	0.0303076153780127	0.0933714332121264	0.0209148271141513	0.0888135100655699	0.0970828269278701	0.0110075903490507	0.0509314093224349	0.280340975172937	-1.1549728678504	0.00709903602942838	0.0186432940662654	0.0888935522488433	0.06101271
W	0.00170810644424998	0.0175731127442964	0.00108581377867526	0.00195924991368333	0.0108264759448922	0.00325724342854938	0.00236373086589981	0.00508784118323643	0.00396432267594251	0.00320811373612347	0.0100449773367044	0.00207607961673756	0.00778623918233944	0.0230948314077837	0.00210476669678456	0.00790756876470882	0.00167384832464832	-0.466693712340628	0.037524948684421	0.00551641932741725	0.0143859
Y	0.00891220073350862	0.014124653469399	0.0402045787385355	0.0120580788659874	0.0201331279250219	0.00843000396807813	0.00726729178595776	0.00383550261960118	0.143397813371307	0.015555025644955	0.014757153324006	0.00493353834542684	0.0158610767033317	0.238942552929748	0.00799819427591921	0.0291351033797687	0.0107785293187642	0.0920111042676512	-0.726275082190915	0.0116515538697093	0.0352742
V	0.149259148292957	0.0187390736826451	0.0146018766345106	0.0113346349768746	0.0745652130581179	0.0224171099293003	0.0438051091849814	0.0139322987014895	0.00880654365881307	0.58195152829415	0.133956070405197	0.0227261164397469	0.153160999842114	0.0483558531916165	0.0234294777106881	0.0173171731593077	0.103292619058367	0.0271856410257986	0.0234177959823583	-1.08548730359615	0.07089561
