A	R	N	D	C	Q	E	G	H	I	L	K	M	F	P	S	T	W	Y	V	*
A	-1.11715049698438	0.0501473266360047	0.0463539855987964	0.0671876768165009	0.0933756675899246	0.08260724491828	0.143908392511209	0.128804307318116	0.0288165907319062	0.0175774893806454	0.0361773434034165	0.0823951349396158	0.0812342123860096	0.0191375387265088	0.130789031207632	0.306463006850212	0.192845519436113	0.0102857429130812	0.0218869677298455	0.182380942263266	0.08662791
R	0.0254545936389138	-0.974317889715619	0.0293207479184173	0.00679797063548766	0.024375623933694	0.140086079563507	0.0202667706944065	0.026981857258441	0.0986278915958321	0.00862894253688187	0.0229671485101136	0.246964074418627	0.0315274209477069	0.00474003667206303	0.0313579147147184	0.0564954629355458	0.0255857498366142	0.0537140470187965	0.0176074657203437	0.0116226450508943	0.043972
N	0.0209164631198605	0.0260650059965929	-1.45243771592393	0.22274141154272	0.0108821008247982	0.0633276763473455	0.0388587030530778	0.0461759862335248	0.16230640088119	0.0227374763727601	0.00539592302260479	0.123567408485766	0.00813199666583347	0.00394504051830808	0.00800317848042064	0.163042387583835	0.083283008114387	0.00295037541238187	0.0445530411969224	0.00805097248870279	0.0390894
D	0.0442435747860216	0.00881904354312206	0.325057645372141	-0.989664434112643	0.00181374600984718	0.0369266016785522	0.369644991868534	0.0518222382707175	0.0557192755698329	0.00236108062381269	0.0050772303668699	0.0287287659492264	0.00621171891987378	0.00279773415784711	0.0253837869819358	0.0641659296948929	0.0224431079728724	0.00776910894110357	0.0195002137855987	0.00912024791004657	0.05704511
C	0.0208117535640967	0.0107031672834298	0.00537509980467949	0.0006138903967216	-0.487356792585162	0.00200242812599465	0.000432673081964278	0.00621438669624921	0.00504512376184012	0.00344758499437956	0.00778712254818315	0.00150020961422046	0.00791265691230682	0.0080654055865222	0.00221694294957006	0.0285245686847993	0.0103950153745955	0.0145305773175405	0.0110201339539097	0.020307184449217	0.0193078
Q	0.0350234370433626	0.117008449440927	0.0595021982852881	0.0237749373979651	0.00380910204447654	-1.37978508640911	0.21082991400549	0.0127224090775413	0.16552368730976	0.00439112223190975	0.0335159149055977	0.150135466884357	0.0595646439081161	0.00385161517868455	0.0359783925124614	0.0396595234314895	0.0330702767293544	0.0083159452666899	0.00877746467540551	0.0116133825254528	0.0367281
E	0.0964488743760869	0.0267594518270077	0.057716259223098	0.376214285761671	0.00130105592170971	0.333274931252978	-1.2368934981515	0.0345930856456196	0.0347337205775841	0.00776264608215661	0.00939981217921994	0.157478828950179	0.0192016647748618	0.00494378704788325	0.0415784007801717	0.0429545269948538	0.0501340986992078	0.00953959403967339	0.0119614640595438	0.0358735459837053	0.05805891
G	0.123784490703163	0.0510845186465671	0.0983446773927465	0.0756295348416104	0.0267953335181982	0.0288379628476765	0.0496037041253935	-0.497615265472899	0.0217919488863543	0.00266054698201506	0.0053563493722962	0.0326392560125445	0.0152118130833338	0.00436267110318173	0.0212816847369765	0.117240178239396	0.0197319321312379	0.0294435520290699	0.00905229570755722	0.016360519037421	0.08325181
H	0.0081270201849314	0.0547986811594936	0.101443265229157	0.0238634711586893	0.00638389315005565	0.110105310695924	0.0146160158285288	0.00639512391174662	-0.992342217017132	0.00354333095450971	0.0128067093509033	0.0228315744155582	0.0103625827866453	0.0174197575359738	0.0178512187847728	0.0189786795663108	0.0121360687754984	0.00673253394163586	0.0993189076809905	0.00303481847538794	0.0244313
I	0.00983413544575138	0.00951083255236325	0.0281916460698346	0.00200599373923034	0.00865404936541709	0.00579447698333804	0.00648004595707708	0.0015488680670167	0.00702914204488781	-1.23316226541368	0.161293860265416	0.0164719670502939	0.216559020843969	0.0538907672211975	0.00508295628898751	0.0162485645474995	0.0741704447801838	0.0108081133882618	0.021372274498882	0.397836519832701	0.048466
L	0.0360024033736767	0.0450280891380849	0.011900340803772	0.00767292767898582	0.0347693743268289	0.0786692979831743	0.0139573495636844	0.00554661305982148	0.0451901345609573	0.286901828344817	-0.72601095899428	0.0233029642031773	0.439180191809543	0.191375553934634	0.0376245766772382	0.0311911652906725	0.0295519821939787	0.060195576909987	0.0360660091426769	0.162890483871594	0.08620901
K	0.0589977951801769	0.348377109436095	0.19608166381869	0.0312385306794192	0.00481960228916454	0.253557747951506	0.168246232390641	0.0243186025852444	0.0579670678641185	0.0210814430754659	0.0167668144942489	-1.12458024578775	0.0608213095394338	0.00578321807928829	0.0362538949917075	0.0629601028977225	0.0902923118061514	0.00895156695475411	0.00867547811831098	0.0198837344188092	0.06202861
M	0.0182884069799286	0.0139832127835178	0.00405726082709764	0.00212367529098677	0.00799253016727158	0.0316289538731058	0.00645007471901724	0.00356354326735159	0.00827210763705191	0.0871432677715031	0.0993538787512347	0.0191231071203226	-1.32209836157752	0.024370255717443	0.00350682541328018	0.0101094304276926	0.0310325055628782	0.0105556613683677	0.00876940716159857	0.0421331168218258	0.0195027
F	0.00849024263177206	0.00414283215175701	0.00387868329254386	0.00188486338935913	0.0160540745688614	0.00403028987030875	0.00327252319145406	0.00201395909074373	0.0274023232348172	0.0427335570661565	0.085315051770812	0.00358318619265206	0.0480238751920091	-0.713669375719036	0.00651181853850375	0.0220200416648738	0.00693368067084816	0.0616977906223636	0.26033237628338	0.0262132923715052	0.0384319
P	0.0690921841939621	0.0326352084708707	0.00936955433230845	0.0203635470600902	0.00525456975395796	0.0448289667689596	0.0327728597168475	0.0116984347461842	0.0334377258013055	0.00479948493683334	0.0199725906252504	0.0267471836285709	0.00822876843054974	0.00775400131035418	-0.605589488618441	0.0774842994101249	0.0382015347627335	0.00669548916447762	0.0103764832827283	0.0151237222232694	0.0457631
S	0.245933068551953	0.0893169859856638	0.289960092153836	0.0781956827779961	0.102702969712691	0.075066425449538	0.0514323975720663	0.0978992788172452	0.0540027807775123	0.0233063642108336	0.0251521809782074	0.0705618708340331	0.0360353425230146	0.0398311630352637	0.117705018952084	-1.3922386911843	0.319420638123948	0.0382122520802355	0.0574190630145774	0.0169806533310331	0.06951791
T	0.135822597499523	0.0355011356070656	0.129992325848203	0.0240040704321116	0.0328482819635451	0.0549363349508374	0.0526847166963029	0.0144609306736142	0.0303076154252758	0.09337143230191	0.0209148268786103	0.0888135109824046	0.0970828276331622	0.0110075912979339	0.0509314089743391	0.280340976330724	-1.15497287277546	0.00709903609392587	0.018643294132219	0.088893553152247	0.06101271
W	0.00170810618625447	0.0175731126400369	0.00108581368977227	0.00195924986937218	0.0108264759440437	0.00325724328272016	0.00236373100864859	0.00508784127498245	0.00396432281667285	0.00320811369603836	0.010044977315821	0.00207607984532294	0.00778623928375051	0.023094831275952	0.00210476645094538	0.00790756852731994	0.00167384833985588	-0.466693708264913	0.0375249488147136	0.0055164191629817	0.0143859
Y	0.00891220020309985	0.0141246535821102	0.0402045793946307	0.01205807896796	0.0201331280165011	0.00843000439590365	0.00726729240230589	0.00383550206593124	0.143397814005837	0.0155550258970921	0.0147571538021445	0.004933538737059	0.0158610767790952	0.238942553126314	0.00799819388572044	0.0291351036385991	0.010778529356895	0.0920111045871283	-0.726275084516585	0.0116515536582616	0.0352742
V	0.149259149321841	0.0187390728349093	0.0146018768689159	0.0113346356757657	0.074565213484175	0.0224171094694611	0.043805109764855	0.0139322974128079	0.00880654353439638	0.581951527953957	0.13395607045333	0.0227261175238245	0.153160999158301	0.048355854193683	0.0234294772969759	0.0173171744677325	0.103292620108105	0.0271856402154385	0.0234177955573816	-1.08548730702832	0.07089561
